43333332222222233333333444444444443333332222211111111111111222233334444455555555555554444443333333334444444444455555555444444444444444333333333222211111111111122223333444455556666666666665555444444444
33333222222222222333333344444444433333332222111111000011111122223333444455555555555544444433333333333444444444444444444444444444333333333333322222211111111111222223334444555566666666666655555444443333
33332222222222222233333334444443333333322222111110000001111122223333444445555555555544444433333333333344444444444444444444444333333333333333222222111111111111222233334445555666666666666655554444433333
33222222222222222223333333334333333333322221111100000000111112222333344444555555555444444333333333333334444444444444444444433333333333333322222221111111111112222333344445555666666666666655544444333333
32222222111122222222333333333333333333222221111100000000111112222333344444455555554444443333333333333333344444444444444443333333333322222222222211111111111122223333444455556666666666666555544443333333
22222111111111222222333333333333333333222221111100000000011112222333344444445555444444433333333333333333334444444444444333333333222222222222222111111111111122223333444555566666666666666555444433333332
22211111111111112222233333333333333333222221111100000000011112222333334444444444444444333333322222333333333344444444433333333322222222222222211111111111111222233334444555566666666666665555444333332222
22111111111111111222233333333333333333222221111100000000111112222333334444444444444443333332222222223333333333333333333333332222222222222222111111111111111222233334444555566666666666665554444333322222
11111110000111111222223333333333333333322221111110000000111112222333334444444444444433333222222222222233333333333333333333322222222222222211111111111111112222233344445555566666666666655554443333222222
11110000000001111122223333333333333333322222111111000001111112222333334444444444444333332222222222222222333333333333333333222222222222221111111111111111112222333344445555566666666666555544433332222222
11000000000000111122223333344444333333332222111111111111111122222333344444444444443333322222221122222222233333333333333332222222222111111111111111111111112222333344444555566666666665555444433332222222
00000000000000011122223333444444433333333222211111111111111222223333344444444444433333222221111111122222222333333333333322222222221111111111111111111111122222333344444555556666666655555444333322222222
00000000000000011122223333444444444333333222221111111111112222233333344444444444433332222211111111112222222233333333333222222222211111111111111111111111222222333344444555555566665555554443333222222222
00000000000000011122233334444444444433333322222211111111122222233333444444444444333322221111111111111122222222333333332222222222211111111111111111111112222222333334444455555555555555444443333222222222
00000000000000001122233334444444444444333333222222211122222222333334444444444444333322211111111111111112222222233333322222222222221111111111111111111122222222333334444445555555555554444433332222222222
00000000000000001122233344444444444444433333322222222222222233333344444444444443333222211111000001111112222222223333322222222222222222222222222222222222222222333333444444455555555444443333322222222222
00000000000000001122233344444554444444443333332222222222222333333444444444444443333222111110000000111111222222223333332222222222222222222222222222222222222223333333344444444444444444433333222222222222
00000000000000001122233444445555544444444433333322222222233333334444444444444443332221111100000000011111222222223333333222222222222222222222222222222222222223333333334444444444444443333332222222222222
00000000000000011122333444455555555444444443333333332333333333344444444444444443332221111000000000011111222222233333333322222222222222222222222222222222222223333333333444444444444333333322222222222222
00000000000000011122333444555555555554444444333333333333333333444444444444444433332221110000000000011111222222333333333333222222222222222222222222222222222233333333333333444444333333332222222222222222
00000000000000011222334444555555555555444444433333333333333344444444444544444433322211110000000000011111222222333333333333332222222222223333333333333333333333333333333333333333333333222222222222222223
00000000000000011222334445555555555555444444443333333333333444444444455554444433322211110000000000111112222223333333333333333322222233333333333333333333333333333333333333333333333322222222222222222233
00000000000000111223334445555555555555544444444433333333344444444444555554444433322211110000000000111112222233333333333333333333333333333333333333333333333333333333333333333333332222222222222222222233
00000000000000112223334445555555555555544444444443333334444444444444555554444433322211110000000001111122222333333333333333333333333333333333333333333333333333333333333333333333222222222222222222222333
10000000000001112223344445555555555555544444444444444444444444444444555544444433322211110000000001111222223333334444444333333333333333333334444444443333333333333333333333333322222222222222222222223333
11000000000011112223344445555555555555544444444444444444444444444444555544444333322211110000000011112222233333444444444443333333333333334444444444444433333333333333333333332222222222211111222222223333
11111000001111122233344445555555555555444444444444444444444444444444455444444333322211111000001111122222333334444444444444433333333333444444444444444444333333333333333333322222222222111111122222223333
11111111111111222233344445555555555554444444444444444444444444444444444444444333222211111100111111122223333444444444444444443333333334444444444444444444433333333333333333322222222221111111122222233333
22111111111111222233344444555555555544444444444433333444444444444444444444444333222211111111111111222233334444444444444444444333333344444444444444444444444333333333333333332222222221111111122222233333
22222111111122222333344444455555544444444444443333333333444444444444444444443333222211111111111122222333344444455555444444444433333344444444444444444444444433333333333333333222222221111111122222233333
22222222222222222333334444444444444444444443333333333333334444444444444444443333222211111111111222223333444445555555554444444433333344444444444444444444444443333333333333333322222222111111122222233333
33222222222222222333334444444444444444444333333333333333333344444444444444433333222221111111112222233334444455555555555444444433333344444444444444444444444444433333333333333332222222111111122222233333
33332222222222222333333444444444444444333333333333333333333333444444444444333332222221111111122222333344445555555555555444444433333334444444444444444444444444444333333333333333222222211111122222233333
33333322222222223333333344444444444333333333333333333333333333333344444443333332222221111112222223333444455555555555555444444433333333444444444444444444444444444444333333333333322222221111122222223333
44333333322222223333333333444443333333333333322222222333333333333333333333333332222222212222222233334444555555555555555544444333333333444444444444444444444444444444444444433333332222222111122222223333
44433333333333333333333333333333333333333222222222222222333333333333333333333322222222222222222333344445555556666655555544444333333333344444444444444554444444444444444444444333333222222211122222223333
44444333333333333333333333333333333333222222222222222222223333333333333333333322222222222222223333444455555666666665555544444333333333334444444444455555555444444444444444444433333222222211112222222333
54444443333333333333333333333333332222222222222222222222222233333333333333333222222222222222233334444555556666666665555544444333333333334444444444455555555555544444444444444443333322222221112222222333
55544444433333333333333333333322222222222222211112222222222222333333333333332222222222222222333334444555566666666666555554444333333333334444444444555555555555555554444444444444333322222221112222222333
55554444443333333333322222222222222222211111111111111222222222222333333333222222222222222222333344445555566666666666655554444433333333344444444445555555555555555555555444444444333322222221112222222333
55555544444433333332222222222222222111111111111111111112222222222222333322222222222222222222333344445555666666666666655554444443333333444444444455555555555555555555555555444444333332222221112222222333
65555554444443333332222222222211111111111111111111111111222222222222222222222222222222222222333344445555666666666666665555444444333344444444444555555555555555555555555555544444333332222221112222222333
66655555544443333332222222111111111111110000000011111111122222222222222222222222222222222222333344445555666666666666665555544444444444444444445555555555555555555555555555544444333332222221112222222333
66665555554444333322222211111111111000000000000000111111112222222222222222222222222222222222333344445555566666666666666555554444444444444444455555555555555555555555555555544444333322222221112222222333
66666655554444333322222111111110000000000000000000011111112222222222222222222222221112222222233334444555566666666666666555555444444444444445555555555566666666555555555555544444333322222211112222222333
66666665555444433322221111110000000000000000000000001111112222222222222222222222111111122222233334444555556666666666666655555544444444444555555555556666666666655555555555444444333322222211112222222333
66666665555544433322221111100000000000000000000000001111112222222222222222222222111111112222223333444455556666666666666665555555544445555555555555666666666666665555555555444443333222222111112222222333
66666666555544433322221111000000000000000000000000000111112222222222222222222221111111111222223333344445555666666666666666555555555555555555555556666666666666665555555554444433333222221111112222223333
66666666555544443322221110000000000000000000000000000111112222222222222222222221111111111122222333344445555566666666666666665555555555555555555666666666666666665555555544444433332222211111112222223333
66666666655554443332221110000000000000000000000000001111122222222222222222222221111111111112222233334444555556666666666666666555555555555555556666666666666666665555555444444333322222111111112222223333
66666666655554443332221110000000000000000000000000001111122222222222222222222221111111111111222223333444455555666666666666666665555555555555666666666666666666665555554444443333222221111111112222233333
66666666655554443332221110000000000000000000000000001111222222222233332222222221111111111111122222333344445555666666666666666666665555555556666666666666666666665555554444433332222211111111112222233333
66666666655554443332221111000000000000000000000000011111222222233333333322222221111111111111112222233334444555566666666666666666666666666666666666666666666666655555544444333322222111111111112222233333
66666666655554444333222111000000000000000000000000111112222223333333333332222221111111111111111222233334444555566666666666666666666666666666666666666666666666655555444443333322221111111111112222233333
66666666555555444333222111100000000000000000000001111122222233333333333333222221111111111111111122223333444455556666666666666666666666666666666666666666666666655555444443333222211111111111112222233334
55666665555555444333222211110000000000000000000011111222222333333333333333222222111111000011111122222333344455556666666666666666666666666666666666666666666666655555444433332222111111001111112222333334
55555555555555444433322221111100000000000000000111112222233333333333333333322222111111000001111112222333344445556666666666666666666666666666666666666666666666555554444333322221111100000111112222333334
55555555555555444433332222111111100000000000011111122222333333333333333333322222111111000001111112222333344445555666666666666666666666665555666666666666666666555554444333322211111000000011111222333334
55555555555555444443333222211111111111111111111111222223333333333333333333332222111111000001111112222233344445555666666666666666666666555555556666666666666666555554444333222211110000000001111222333334
45555555555555544444333322222111111111111111111122222233333333333333333333332222111111000001111112222233344445555666666666666666666655555555555566666666666666555544443333222111100000000001111222333334
44455555555555544444433332222222211111111111112222222333333333344443333333332222211111100011111112222333344445555666666666666666665555555555555556666666666666555544443333222111100000000001111222333334
44444555555555554444443333322222222222222222222222223333333334444444433333333222211111111111111112222333344445555666666666666666555555555555555555566666666665555544443333222111100000000001111222333334
44444455555555554444444333333222222222222222222222233333333344444444443333333222211111111111111122223333344455556666666666666665555555555555555555556666666665555544443333222111100000000001111222333334
44444445555555555444444433333333322222222222222223333333333344444444443333333222211111111111111222223333444455556666666666666555555555444444445555555666666665555554443333222111100000000001111222333334
44444444555555555554444444333333333333322222233333333333333444444444443333333222221111111111112222233334444555566666666666665555555444444444444555555566666666555554443333222111100000000000111222233334
44444444555555555555444444443333333333333333333333333333333444444444443333333222221111111111122222333344445555566666666666655555544444444444444445555556666666555554444333222111100000000000111222233333
44444444455555555555554444444443333333333333333333333333333444444444433333333222222111111112222223333444455555666666666666555554444444444444444444555555666666555554444333222211100000000000111222233333
34444444455555555555555544444444444333333333333333333333333344444433333333333222222211111122222233334444555556666666666665555544444443333333334444455555666666655555444333322211100000000000111122233333
34444444455555555555555555444444444444443333333333333333333333333333333333333222222222222222222333344445555566666666666655555444443333333333333444445555566666655555444433322211110000000000111122233333
33444444455555555555555555554444444444444444443333333333333333333333333333333222222222222222233333444455555666666666666655554444333333333333333344445555566666655555444433322211110000000000111122223333
33444444455555555555555555555554444444444444444444443333333333333333333333333322222222222222333334444555556666666666666655544443333333322223333334444555556666665555544433322221110000000000111122223333
33344444445555555555555555555555555444444444444444444444444444333333333333333332222222222223333344445555566666666666666555544433333322222222233334444555556666665555544433332221111000000000111122222333
33334444445555555555555555555555555555444444444444444444444444444444433333333333222222222333333444455555666666676666666555444433333222222222223333444555556666665555544433332221111000000000011112222233
33333444444555555555565555555555555555554444444444444444444444444444444333333333332222233333334444555556666667777666666555444333332222222222222333444455555666665555544443332221111000000000011112222223
33333344444455555555666665555555555555555444444444444444444444444444444444333333333333333333344445555566666677777666666555444333322222222222222333344455555566655555544443332221111000000000011111222222
33333334444455555555566666555555555555555544444444444444444444444444444444443333333333333334444445555566666677777666665555444333222222222222222333344455555555555555544443332221111100000000011111122222
23333333444445555555556666555555555555555544444444444444444444444444444444444443333333333444444455555666666777777666665554443333222222222222222333344445555555555555444433332222111100000000011111122222
22233333344444555555555555555555555555555544444444444444444444444444444444444444444444444444444555555666666777777666665554443333222222222222222333344445555555555555444433332222111100000000001111111222
22223333334444455555555555555555555555555444444444444444444444444444444444444444444444444444445555556666666777776666665554443333222222222222222333344445555555555555444433332222111110000000001111111112
22222233333444445555555555555555555555554444444444444444444444444555555555555544444444444444455555556666666677766666655554443333222222222222222333344444555555555554444433332222111111000000011111111111
22222223333344444555555555555555555555544444444444444444444444455555555555555555555444444445555555556666666666666666655554443333322222222222223333344444555555555544444333332222111111110000111111111111
22222222333344444455555555555555555554444444444444444444444445555555555555555555555555555555555555556666666666666666555544443333332222222222223333344444455555555444444333332222211111111111111111111111
12222222333334444445555555555555554444444444444444444444444455555555555566666555555555555555555555555666666666666666555544444333333322222222333333344444445555544444443333332222211111111111111111111111
11222222233333444444455555555554444444444444444333444444444455555555566666666666665555555555555555555566666666666665555544444333333333333333333333444444444444444444433333322222221111111111111111111111
11122222223333344444444455544444444444444443333333334444444455555555666666666666666655555555555555555555666666666555555544444333333333333333333333444444444444444444433333322222222111111111111111111111
11122222223333344444444444444444444444443333333333333344444455555556666666666666666666555555555555555555555555555555555444444433333333333333333334444444444444444444333333322222222222211111111111111111
11122222223333334444444444444444444444333333333333333334444455555566666666666666666666655555555555555555555555555555555444444444333333333333333444444444444444444443333333322222222222222222221111111111
11122222222333333444444444444444444333333333333333333334444455555566666666777777666666665555555555555555555555555555544444444444444333333334444444444444444444444333333333322222222222222222222221111111
11122222222333333344444444444444333333333333333333333333444445555566666667777777776666665555555554555555555555555554444444444444444444444444444444444444444444443333333333322222222222222222222222211111
12222222223333333344444444444333333333333332222222233333344445555566666667777777776666665555555444444444444444444444444444444444444444444444444444444444444444433333333333322222222233333333222222221111
22222222223333333334444444333333333333333222222222223333334444555556666667777777777666665555554444444444444444444444444444444444444444444444444444444444444444433333333333322223333333333333333222222111
22222222233333333333444433333333333333332222222222222233334444555556666667777777777666665555544444444444444444444444444444444444444444444444444444444444444444333333333333333333333333333333333332222221
22222222333333333333333333333333333333322222222222222223333444455555666666777777777666665555544444444444444444444444444444444444444444444444444444444444444444333333333333333333333333333443333333322222
22222223333333333334443333333333333333222222222222222222333344445555566666677777777666665555444444444444444444444444444444444444444444444444444444444444444444333333333333333333333334444444444333332222
22222333333333333444444333333333333333222222222222222222233334444555556666667777776666665555444444444444433333333334444444444444444444444444444444444444444444333333333333333333333444444444444443333322
22333333333333444444444433333333333333222222222211222222233333444455555666666677766666655555444444444333333333333333334444444444444444444444444444444444444444333333333333333333334444444444444444433332
33333333333344444444444444333333333333322222222111112222223333344445555566666666666666655555444444443333333333333333333344444444444444444444444444444444444444433333333333333333344444455555555444443333
33333333344444444444444444433333333333332222222111111122222333334444555556666666666666655555444444433333333333333333333333444444444444444444444444444444444444443333333333333333444444555555555554444333
33333334444444444444444444444333333333332222222111111112222233333444455555666666666666555554444444433333333333333333333333334444444444444444444444444444444444444333333333333334444455555555555555444433
33334444444444444444444444444443333333333222222111111111222222333344445555556666666666555554444444443333333333333333333333333333444444444444444444444444444444444444333333333444444555555556555555554443
44444444444444444444444444444444443333333322222111111111112222233334444455555666666665555554444444444333333333333333333333333333333333444444444444444444444444444444444333334444444555556666666655555444
44444444444455555555554444444444444433333332222211111111111222223333444445555556666655555554444444444333333333333333333333333333333333333333444444444444444444444444444444444444445555566666666665555544
44444444455555555555555554444444444444333332222211111111111122222333334444555555555555555554444444444433333333333333333333333333333333333333333444444444444444444444444444444444455555666666666666655554
44444455555555555555555555554444444444433333222211111111111112222233333444455555555555555554444444444443333333333333333333333333333333333333333334444444444444444444444444444444555556666666666666665555
44555555555555555555555555555544444444443333322221111111111111222223333344445555555555555555444444444444333333333333333333333333333333333333333333444444444444444444444444444445555566666677777666666555
55555555555555666665555555555555554444444433322221111111111111122222333344444555555555555555444444444444433333333333333332222222223333333333333333344444444444444444444444444455555666666777777766666555
55555555566666666666666655555555555555444443332222111111111111122222333334444455555555555555444444444444443333333333333222222222222222222233333333334444444445555555555544455555556666667777777776666655
55555666666666666666666666655555555555544444333222211111111111112222233333444445555555555555544444444444444333333333332222222222222222222222233333333444444455555555555555555555556666677777777776666655
56666666666666666666666666666665555555555444433322221111111111112222233333444445555555555555554444444444444333333333332222222222222222222222222333333444444555555555555555555555566666677777777776666665
66666666666666777666666666666666666655555544443332222211111111122222233333344444555555555555555444444444444433333333322222222222222222222222222233333444444555555555555555555556666666777777777776666665
66666666777777777777777666666666666666655555444333322222111111222222233333344444555555555555555544444444444433333333322222222222222222222222222223333344444555555555555555555666666666777777777766666655
66666777777777777777777777666666666666666555544433332222222222222222233333344444555555555555555555444444444433333333322222222222222222222222222223333344445555555666666666666666666666677777766666666655
67777777777777777777777777777766666666666665554444333322222222222222233333344444555555555555555555544444444443333333332222222222222222222222222222333344445555556666666666666666666666666666666666665555
77777777777777777777777777777777777777666666555544443333222222222223333333344444555555555555555555554444444443333333332222222222222222222222222222233334445555566666666666666666666666666666666666555555
77777777777777777777777777777777777777776666665554444333333332223333333333344444555555555555555555555444444443333333332222222222222222221111222222233334445555566666666666666666666666666666666555555555
77777777777777777777777777777777777777777766666555544444333333333333333333344444555555556665555555555444444443333333333222222222222222221111112222223334444555666666666666666666666666666665555555555555
77777777777777777777777777777777777777777777666665555444443333333333333333444444555555566666655555555444444443333333333332222222222222221111112222223334444555666666666666666666666666665555555555444444
77777777777777777777777777777777777777777777766666655554444444333333333333444444555555566666665555555444444433333333333333322222222222221111111222223333444555566666666666666666666666555555554444444444
77777777777777777777777777777777777777777777777666665555544444444443333334444444555555666666666555555444444433333333333333333332222222222111111222222333444555566666666666666666666665555554444444444444
77777777777777777777777777777777777777777777777776666655555544444444444444444444555555666666666555555444444433333333333333333333322222222211111122222333344455566666666666666666666555554444444333333334
77777777777777777777777777777777777777777777777777766666555555444444444444444444555555666666666655555444444333333333333333333333333222222221111122222233344455556666666666666666665555544444333333333333
67777777777777777777766666666777777777777777777777777666665555554444444444444444555555666666666655555444444333333333333333333333333322222221111112222233344445555666666666666666655555444433333333333333
66667777777777766666666666666666677777777777777777777776666655555444444444444444555555666666666655555444443333333333333333333333333332222222111112222223334445555666666666666666555544443333322222222333
66666666666666666666666666666666666677777777777777777777666665555544444444444444455555566666666555555444443333333333333333333333333333222222211112222223333444555556666666666665555444433332222222222233
66666666666666666666666666666666666666777777777777777777766666555554444444444444455555566666666555554444433333333333333334444444333333322222221111222222333444455555566666666655554444333322222222222223
66666666666666666655555555555566666666677777777788777777776666555554444444444444455555556666666555554444333333333333333344444444443333332222222111222222333344445555555566665555554443333222222112222222
55556666666655555555555555555555566666666777777778877777776666655554444444444444445555556666665555554444333333333333333444444444444333332222222111122222233334444555555555555555544433332222111111122222
55555555555555555555555555555555555566666677777777777777776666655554444444444444444555555666655555544443333333333333333444444444444433333222222111112222223333444455555555555555444333322221111111122222
55555555555555555544444444444555555555666667777777777777776666655554444443334444444555555555555555544443333333333333333444444444444433333222222211111222223333344444555555555544444333222211111111122222
45555555555555444444444444444444555555556666777777777777776666555544444433333344444455555555555555444433333332233333333444444444444443333322222211111122222333334444444455555444443333222211111111122222
44444555554444444444444444444444444555555666667777777777766666555544444333333334444445555555555555444433333222223333333444444444444443333322222211111112222233333444444444444444433332222211111111122223
44444444444444444444433333344444444445555566666777777777666665555444443333333333444445555555555554444333332222222333333444444444444443333322222211111112222223333344444444444444333332222111111111222233
44444444444444444333333333333334444444555556666667777776666655554444433333333333344444555555555554444333332222222333333444444444444444333322222211111111222222333333444444444443333322222111111112222233
44444444444444433333333333333333344444445555666666666666666555544444333333333333334444455555555544444333322222222233333444444444444444333322222111111111122222233333334444444433333322222211111122222333
33444444444433333333333333333333333444444555566666666666665555444433333322222233333444445555555544443333222222222233333444444444444444333322222111111111112222223333333333333333333222222211112222223333
33333333333333333333332222223333333334444455555666666666655554444333332222222223333344444555555444443333222222222223333444444444444444333332222111111111111222222333333333333333333222222222222222233334
33333333333333333322222222222223333333344445555556666665555544443333322222222222333334444445544444433332222222222223333444444444444444333332222111111111111122222233333333333333332222222222222222233334
33333333333333322222222222222222223333334444455555555555555444433333222222222222233333444444444444433332222222222223333444444454444444333332222111111111111112222222333333333333322222222222222222333344
33333333333332222222222222222222222233333444445555555555554444333322222111111222223333344444444444333322222222222223333344444455444444333332222111111111111111222222222333333332222222222222222223333444
22233333332222222222111111111122222222333334444455555555444443333222221111111112222233334444444443333222222212222222333344444455444444333332222111111111111111122222222222222222222222222222222233333444
22222222222222222111111111111111122222223333444444444444444333322222111111111111122223333334443333332222221111122222333344444444444444333332222111111111111111111222222222222222222222222222222233334444
22222222222222111111111111111111111122222333334444444444433333222221111110001111112222233333333333322222111111122222333344444444444444333332222111111111111111111122222222222222222222222222222333334444
22222222222211111111000000000011111111222223333344444443333322222111110000000001111122222333333333222221111111112222333344444444444444433332222111111110011111111111222222222222222222222222223333334444
22222222221111111100000000000000011111122222333333333333333222211111100000000000111112222222332222222211111111112222333344444444444444433332222211111100000111111111122222222222222222222222223333334444
22222222111111110000000000000000000111111222223333333333322222111110000000000000001111122222222222221111111111112222333344444444444444433332222211111100000011111111111222222222222222222222233333334444
11222211111111000000000000000000000001111122222233333322222211111100000000000000000011111122222222211111111111112222333344444444444444333332222211111100000011111111111122222222222222222222333333334444
11111111111110000000000000000000000000111112222222222222222111110000000000000000000000111111111111111111111111112222333344444444444444333333222211111110000001111111111112222222222222222233333333334444
11111111111100000000000000000000000000011111222222222222211111100000000000000000000000001111111111111111111111122223333444444444444444333333222211111110000001111111111112222222222222222333333333334444
11111111111000000000000000000000000000011111122222222222111111000000000000000000000000000001111111111111111111122223333444444444444444333333222221111111000011111111111112222222222222333333333333333444
11111111111000000000000000000000000000001111112222222211111110000000000000000000000000000000000111111111111111222223333444444444444444333333222221111111111111111111111122222222222233333333333333333344
11111111111000000000000000000000000000001111112222222111111100000000000000000000000000000000000000000111111111222233334444444444444444333333222221111111111111111111111222222222223333333333333333333333
11111111110000000000000000000000000000011111111222221111111100000000000000000000000000000000000000000111111112222333344444444444444444333333222222111111111111111111112222222222233333333333333333333333
22211111111000000000000000000000000000011111112222221111111100000000000000000000000000000000000000000111111122223333344444444444444444333333322222111111111111111111122222222223333333333444444433333333
22222111111000000000000000000000000000111111122222221111111100000000000000000000000000000000000000000111111222233334444444444444444444333333322222211111111111111112222222222233333333444444444443333333
22222211111000000000000000000000000001111112222222222111111110000000000000000000000000000000000000001111112222333344444444444444444443333333322222221111111111111222222222223333333344444444444444333333
22222211111000000000000000000000000111111222222222222211111111000000000000000000000000000000000000011111122223333444444444444444444443333333332222222111111111122222222222233333334444444444444444333333
22222221111100000000000000000000001111112222222222222221111111111100000000000000000000000000000000011111222233334444445555544444444443333333332222222221111122222222222223333333444444444444444444433333
22222222111110000000000000000000111111222222222222222222211111111111111110000000000000000000000000111112222333444445555555554444444443333333332222222222222222222222222333333334444444555555544444433333
32222222211110000000000000000001111122222223333333322222221111111111111111110000000000000000000001111122223334444455555555554444444443333333333222222222222222222222233333333344444455555555554444433333
33322222211111000000000000000111112222223333333333333222222221111111111111111100000000000000000001111222333344445555555555555444444443333333333222222222222222222223333333333444445555555555555444443333
33332222221111100000000000011111122222333333333333333332222222222222222221111110000000000000000011112223333444455555555555555444444443333333333322222222222222222333333333334444455555555555555544443333
33333222222111110000000001111112222233333333444433333333322222222222222222211111000000000000000111122233334445555556665555555444444443333333333322222222222222223333333333344444455555566655555554444333
33333322222111111000000111111222222333333444444444433333333222222222222222222111110000000000001111222333344455555666666655555444444443333333333332222222222222233333333333444444555556666666555554444333
33333332222211111111111111112222233333344444444444444333333333333333333332222211111000000000111112223333444555566666666665555544444443333333333332222222222222333333333334444445555566666666665555444433
33333332222211111111111111122222333334444444444444444443333333333333333333322222111110000001111122233334445555666666666665555544444443333333333333222222222223333333333344444445555566666666666555544433
33333333222221111111111112222223333344444445555554444444433333333333333333332222211111111111111222233344455556666666666666555544444443333333333333222222222233333333333344444445555666666666666655544443
33333333222222111111111122222333333444444555555555544444444333333333333333333222221111111111112222333444555566666666666666555544444444333333333333322222222233333333333444444455555666666666666655554444
43333333222222211111111222223333344444455555555555555444444444433444444443333322222111111111222223334444555666667777766666555544444444333333333333322222222333333333333444444455556666666776666665555444
43333333322222221111122222233333444444555555555555555554444444444444444444433333222221111112222233344445556666777777776666655554444444333333333333322222222333333333333444444455556666677777766666555544
44333333322222222222222222333334444445555555555555555555544444444444444444443333322222222222222333444455566667777777777666655554444444433333333333332222223333333333334444444455556666677777776666655554
44333333332222222222222223333344444555555566666666555555554444444444444444444333332222222222223333444555666677777777777666655554444444433333333333333222233333333333334444444455556666777777777666665555
44433333332222222222222223333344444555555666666666665555555544444444555544444433333322222222333334445556666777777777777766655554444444433333333333333333333333333333344444444555566667777777777766666555
44433333333222222222222233333444445555566666666666666555555555555555555555444444333333323333333444455556667777777777777766655554444444433333333333333333333333333333444444444555566667777777777776666555
44443333333222222222222333334444455555566666666666666655555555555555555555554444433333333333334444555566677777788887777766665554444444433333333333333333333333333344444444444555566667777777777777666655
44443333333322222222222333334444455555666666666666666665555555555555555555555444444333333333444445555666677777888888777766665554444444433333333333333333333333333444444444445555566667777777777777766665
44444333333322222222222333334444455555666666666666666666555555555555555555555544444444333444444455556666777778888888777766665554444444433333333333333333333333344444444444445555566667777778877777776666
44444333333322222222222333334444455555666666666666666666655555555555555555555555444444444444444555566667777788888888777766665554444444433333333333333333333334444444444444445555566667777778887777776666
44444333333332222222222333334444455555666666666666666666655555555555555555555555554444444444455555666667777788888888777766665554444444433333333333333333333444444444444444455555566667777778888777777666
44444433333332222222222333334444455555666666666666666666655555555555566666555555555554444455555556666677777888888888777766665554444444433333333333333333334444444444444444555555566667777778888777777666
44444433333332222222222333333444455555666666666666666666655555555555566666665555555555555555555566666677777888888888777766665554444444333333333333333333444444444444455555555555566667777777888777777766
44444443333333222222222233333444445555566666666666666666555555555555566666666655555555555555555666666777777788888887777766655554444444333333333333333334444444445555555555555555566666777777777777777766
44444443333333222222222223333344445555566666666666666665555555555555566666666666555555555555556666666777777778888777777666655554444444333333333333333344444444555555555555555555556666777777777777777766
44444443333333222222222222333334444555556666666666666655555555555555556666666666666655555556666666666777777777777777777666655554444444333333333333333444444455555555555555555555556666677777777777777766
44444443333333222222222222233334444455555666666666666555555555555555555666666666666666666666666666666677777777777777776666655554444444333333333333334444444555555555555555555555555666666777777777777666
44444444333333222222222222223333444455555566666666655555555555555555555566666666666666666666666666666667777777777777766666555554444443333333333333344444445555555555555555555555555566666677777777777666
44444444333333222222222222222333344445555555666665555555555444455555555556666666666666666666666666666666677777777776666666555554444443333333333333344444455555555555555555555555555556666666677777766666
44444444333333222222222222222333334444555555555555555555544444444555555555666666666666666666666666666666666666666666666665555544444443333333333333344444555555555555555555554455555555566666666666666666
44444444333333222222111122222233334444555555555555555554444444444445555555566666666666666666666666666666666666666666666655555544444443333333333333344444555555555555555555544444445555555666666666666666
44444444333332222221111111222223333444455555555555555444444444444444555555566666666666666666666666666666666666666666665555555544444443333333333333444444555555555555555555444444444455555556666666666665
44444444333332222221111111122222333444445555555555554444444444444444455555556666666666666666666665555555555555555555555555555544444443333333333333444445555555566555555554444444444444555555556666666555
44444444333332222211111111122222333344445555555555544444444333344444445555555666666666666666665555555555555555555555555555555444444443333333333333444445555555566555555554444444444444445555555555555555
44444444333332222211111111112222333344444555555555444444433333334444444555555666666666666666655555555555555555555555555555555444444443333333333333444445555555565555555544444444444444444445555555555555
34444444333332222211111111112222233344444555555554444444333333333344444455555566666666666666555555555555555555555555555555554444444443333333333333444445555555555555555444444433333334444444455555555555
34444444333333222211111111112222233344444555555544444443333333333344444455555566666666666665555555554444444444444445555555554444444443333333333333444445555555555555555444443333333333344444444555555554
34444444433333222211111111112222233344444555555544444433333333333334444445555566666666666655555555444444444444444444444455444444444443333333333333444445555555555555554444433333333333333444444444444444
34444444433333222211111111112222333344444555555544444433333333333334444445555556666666666555555544444444444444444444444444444444444443333333333333444445555555555555554444433333333333333344444444444444
34444444433333222221111111112222333344445555555544444433333333333333444445555556666666665555555444444444444444444444444444444444444443333333333333444444555555555555544444333333333333333333444444444444
34444444433333222221111111122222333444445555555554444433333333333333444445555556666666665555555444444444433333444444444444444444444443333333333333344444555555555555444443333333222223333333344444444444
34444444433333222222111111122223333444455555555554444433333333333333444445555556666666655555554444444443333333344444444444444444444444333333333333344444555555555554444433333322222222333333334444444444
34444444433333322222211112222223334444555555555555444443333333333334444445555556666666655555544444444333333333334444444444444444444444333333333333344444455555555554444433333222222222233333334444444444
