42223455432222344333344444334455543200002345677765
32223455432223455544444433334455543210001234577775
21123455432234566665544333233456554310001123567776
11113455432235678776544332233566654321001223466776
11123455432235788877643322234566654332222334455666
11124555432235688876543322334566654433334444444445
22234555432234567665433333344566554333445544433334
33345665432223455554333333345555543333445544322223
33456665432122344433322333445555443333444443221223
44456665432112233322222334445555443323333332211223
55566665432111222211122334445554433222233322111233
55666654322111111111112333344444332212233321111234
55666544322111111111122333333343322112233322112345
55665543222222222111223332222333321112344432222345
45555433222233333222334432212233321112345433223345
45555433333344443333344443211234432123455543222345
44555443333445544333455543222344432223455443222334
34555544444455544333456554322345543223444432111233
44555554455555554334456654333456654333444332111123
44555555556666554444566654333456665433344322111222
44555555667777655444566654333467776543333333333333
44444455677877655555566543223467776543333334455544
54433344567887655555565543222457776432223345667665
44321124567777655455565543212356665421112345788865
43210013456776544445566543222345554310012346788875
43100012345666544444566554322344443200001345788765
32100001345565433334566654333334432100001235677764
33100001345554322223566655433334332100000234566653
43221112345543211123456654433344432100000123445443
54433334455542100012345554333444433210000112233332
55554445555432000112344443334455543321111111122222
55555555555431001123444433334455554333322221111222
55555555554321112234454433334555554333343322111223
44444444444322123345555443344555543333444432222233
33333333332222234456665544444554433223455443222334
12222222222222345667766544444544332223455543333344
00011111111223456777765444445554332223344443333344
00000111111234567776654333445554433222333333233345
00001122222345677765432223345555443322222222223344
10001233323346776653211122345565544332111222222334
21112344433456666532100122345665554432111222222233
32223344433455665421000123455665544322122233332223
43333344433445554320000234556655433322223444443223
54333344333345544210001245566654332222234555543222
65443333322344544210002345666653322222345666643211
66543322222334554321112456676543222223456666643111
76543222112245554432123456666543222334556666542100
65432111112345555432223455665433233445555555432100
54321112223345655433222344554433334455555444332111
43211122333455555432222334444333334555554443322222
